Date;Nouveaux cas;Cumulatif de cas;
2020-01-08;0;0;
2020-02-25;1;1;
2020-02-26;0;1;
2020-02-27;0;1;
2020-02-28;0;1;
2020-02-29;0;1;
2020-03-01;1;2;
2020-03-02;2;4;
2020-03-03;0;4;
2020-03-04;0;4;
2020-03-05;0;4;
2020-03-06;0;4;
2020-03-07;0;4;
2020-03-08;1;5;
2020-03-09;1;6;
2020-03-10;2;8;
2020-03-11;3;11;
2020-03-12;3;14;
2020-03-13;2;16;
2020-03-14;5;21;
2020-03-15;6;27;
2020-03-16;5;32;
2020-03-17;7;39;
2020-03-18;6;45;
2020-03-19;36;81;
2020-03-20;49;130;
2020-03-21;92;222;
2020-03-22;88;310;
2020-03-23;133;443;
2020-03-24;145;588;
2020-03-25;188;776;
2020-03-26;180;956;
2020-03-27;242;1198;
2020-03-28;199;1397;
2020-03-29;260;1657;
2020-03-30;265;1922;
2020-03-31;330;2252;
2020-04-01;304;2556;
2020-04-02;409;2965;
2020-04-03;349;3314;
2020-04-04;339;3653;
2020-04-05;261;3914;
2020-04-06;458;4372;
2020-04-07;422;4794;
2020-04-08;373;5167;
2020-04-09;351;5518;
2020-04-10;306;5824;
2020-04-11;261;6085;
2020-04-12;331;6416;
2020-04-13;542;6958;
2020-04-14;468;7426;
2020-04-15;614;8040;
2020-04-16;497;8537;
2020-04-17;571;9108;
2020-04-18;331;9439;
2020-04-19;432;9871;
2020-04-20;483;10354;
2020-04-21;457;10811;
2020-04-22;531;11342;
2020-04-23;527;11869;
2020-04-24;495;12364;
2020-04-25;311;12675;
2020-04-26;283;12958;
2020-04-27;461;13419;
2020-04-28;472;13891;
2020-04-29;520;14411;
2020-04-30;588;14999;
2020-05-01;616;15615;
2020-05-02;525;16140;
2020-05-03;351;16491;
2020-05-04;421;16912;
2020-05-05;470;17382;
2020-05-06;568;17950;
2020-05-07;429;18379;
2020-05-08;431;18810;
2020-05-09;310;19120;
2020-05-10;299;19419;
2020-05-11;366;19785;
2020-05-12;426;20211;
2020-05-13;400;20611;
2020-05-14;354;20965;
2020-05-15;348;21313;
2020-05-16;270;21583;
2020-05-17;343;21926;
2020-05-18;333;22259;
2020-05-19;320;22579;
2020-05-20;409;22988;
2020-05-21;381;23369;
2020-05-22;257;23626;
2020-05-23;216;23842;
2020-05-24;215;24057;
2020-05-25;205;24262;
2020-05-26;240;24502;
2020-05-27;254;24756;
2020-05-28;193;24949;
2020-05-29;193;25142;
2020-05-30;205;25347;
2020-05-31;140;25487;
2020-06-01;155;25642;
2020-06-02;98;25740;
2020-06-03;114;25854;
2020-06-04;129;25983;
2020-06-05;112;26095;
2020-06-06;105;26200;
2020-06-07;76;26276;
2020-06-08;51;26327;
2020-06-09;78;26405;
2020-06-10;67;26472;
2020-06-11;67;26539;
2020-06-12;72;26611;
2020-06-13;66;26677;
2020-06-14;28;26705;
2020-06-15;56;26761;
2020-06-16;74;26835;
2020-06-17;52;26887;
2020-06-18;48;26935;
2020-06-19;65;27000;
2020-06-20;33;27033;
2020-06-21;26;27059;
2020-06-22;40;27099;
2020-06-23;38;27137;
2020-06-24;29;27166;
2020-06-25;46;27212;
2020-06-26;42;27254;
2020-06-27;30;27284;
2020-06-28;18;27302;
2020-06-29;16;27318;
2020-06-30;40;27358;
2020-07-01;24;27382;
2020-07-02;16;27398;
2020-07-03;17;27415;
2020-07-04;16;27431;
2020-07-05;7;27438;
2020-07-06;15;27453;
2020-07-07;21;27474;
2020-07-08;33;27507;
2020-07-09;52;27559;
2020-07-10;50;27609;
2020-07-11;22;27631;
2020-07-12;13;27644;
2020-07-13;75;27719;
2020-07-14;67;27786;
2020-07-15;69;27855;
2020-07-16;65;27920;
2020-07-17;100;28020;
2020-07-18;97;28117;
2020-07-19;54;28171;
2020-07-20;38;28209;
2020-07-21;63;28272;
2020-07-22;77;28349;
2020-07-23;92;28441;
2020-07-24;69;28510;
2020-07-25;35;28545;
2020-07-26;52;28597;
2020-07-27;34;28631;
2020-07-28;38;28669;
2020-07-29;71;28740;
2020-07-30;59;28799;
2020-07-31;58;28857;
2020-08-01;51;28908;
2020-08-02;30;28938;
2020-08-03;46;28984;
2020-08-04;65;29049;
2020-08-05;46;29095;
2020-08-06;21;29116;
2020-08-07;46;29162;
2020-08-08;35;29197;
2020-08-09;38;29235;
2020-08-10;34;29269;
2020-08-11;36;29305;
2020-08-12;35;29340;
2020-08-13;38;29378;
2020-08-14;30;29408;
2020-08-15;14;29422;
2020-08-16;12;29434;
2020-08-17;17;29451;
2020-08-18;17;29468;
2020-08-19;22;29490;
2020-08-20;34;29524;
2020-08-21;33;29557;
2020-08-22;20;29577;
2020-08-23;23;29600;
2020-08-24;8;29608;
2020-08-25;28;29636;
2020-08-26;42;29678;
2020-08-27;43;29721;
2020-08-28;25;29746;
2020-08-29;55;29801;
2020-08-30;14;29815;
2020-08-31;32;29847;
2020-09-01;36;29883;
2020-09-02;36;29919;
2020-09-03;72;29991;
2020-09-04;49;30040;
2020-09-05;67;30107;
2020-09-06;59;30166;
2020-09-07;50;30216;
2020-09-08;71;30287;
2020-09-09;70;30357;
2020-09-10;90;30447;
2020-09-11;109;30556;
2020-09-12;71;30627;
2020-09-13;99;30726;
2020-09-14;74;30800;
2020-09-15;93;30893;
2020-09-16;82;30975;
2020-09-17;74;31049;
2020-09-18;203;31252;
2020-09-19;141;31393;
2020-09-20;213;31606;
2020-09-21;140;31746;
2020-09-22;170;31916;
2020-09-23;257;32173;
2020-09-24;238;32411;
2020-09-25;287;32698;
2020-09-26;350;33048;
2020-09-27;277;33325;
2020-09-28;282;33607;
2020-09-29;355;33962;
2020-09-30;321;34283;
2020-10-01;317;34600;
2020-10-02;418;35018;
2020-10-03;376;35394;
2020-10-04;302;35696;
2020-10-05;281;35977;
2020-10-06;257;36234;
2020-10-07;304;36538;
2020-10-08;347;36885;
2020-10-09;287;37172;
2020-10-10;197;37369;
2020-10-11;335;37704;
2020-10-12;275;37979;
2020-10-13;203;38182;
2020-10-14;276;38458;
2020-10-15;259;38717;
2020-10-16;264;38981;
2020-10-17;276;39257;
2020-10-18;194;39451;
2020-10-19;244;39695;
2020-10-20;255;39950;
2020-10-21;293;40243;
2020-10-22;226;40469;
2020-10-23;247;40716;
2020-10-24;166;40882;
2020-10-25;219;41101;
2020-10-26;361;41462;
2020-10-27;244;41706;
2020-10-28;215;41921;
2020-10-29;220;42141;
2020-10-30;198;42339;
2020-10-31;240;42579;
2020-11-01;234;42813;
2020-11-02;198;43011;
2020-11-03;243;43254;
2020-11-04;248;43502;
2020-11-05;327;43829;
2020-11-06;265;44094;
2020-11-07;273;44367;
2020-11-08;277;44644;
2020-11-09;272;44916;
2020-11-10;325;45241;
2020-11-11;351;45592;
2020-11-12;286;45878;
2020-11-13;332;46210;
2020-11-14;310;46520;
2020-11-15;281;46801;
2020-11-16;308;47109;
2020-11-17;237;47346;
2020-11-18;231;47577;
2020-11-19;283;47860;
2020-11-20;255;48115;
2020-11-21;269;48384;
2020-11-22;303;48687;
2020-11-23;279;48966;
2020-11-24;246;49212;
2020-11-25;305;49517;
2020-11-26;348;49865;
2020-11-27;418;50283;
2020-11-28;447;50730;
2020-11-29;367;51097;
2020-11-30;337;51434;
2020-12-01;418;51852;
2020-12-02;459;52311;
2020-12-03;453;52764;
2020-12-04;502;53266;
2020-12-05;520;53786;
2020-12-06;486;54272;
2020-12-07;465;54737;
2020-12-08;533;55270;
2020-12-09;589;55859;
2020-12-10;550;56409;
2020-12-11;649;57058;
2020-12-12;736;57794;
2020-12-13;573;58367;
2020-12-14;673;59040;
2020-12-15;561;59601;
2020-12-16;708;60309;
2020-12-17;937;61246;
2020-12-18;816;62062;
2020-12-19;700;62762;
2020-12-20;651;63413;
2020-12-21;754;64167;
2020-12-22;772;64939;
2020-12-23;708;65647;
2020-12-24;888;66535;
2020-12-25;956;67491;
2020-12-26;758;68249;
2020-12-27;805;69054;
2020-12-28;843;69897;
2020-12-29;1005;70902;
2020-12-30;950;71852;
2020-12-31;750;72602;
2021-01-01;1237;73839;
2021-01-02;929;74768;
2021-01-03;792;75560;
2021-01-04;775;76335;
2021-01-05;827;77162;
2021-01-06;1103;78265;
2021-01-07;1282;79547;
2021-01-08;1053;80600;
2021-01-09;823;81423;
2021-01-10;782;82205;
2021-01-11;562;82767;
2021-01-12;869;83636;
2021-01-13;728;84364;
2021-01-14;417;84781;
;;;
;;;
;;;
;;;
;;;
;;;
;;;
;;;
;;;
;;;
;;;
;;;
;;;
;;;
;;;
;;;
;;;
;;;
;;;
;;;
;;;
;;;
;;;
;;;
;;;
;;;
;;;
;;;
;;;
;;;
;;;
;;;
;;;
;;;
;;;
;;;
;;;
;;;
;;;
