Date;Nouveaux cas;Cumulatif de cas;
2020-01-08;0;0;
2020-02-25;1;1;
2020-02-26;0;1;
2020-02-27;0;1;
2020-02-28;0;1;
2020-02-29;0;1;
2020-03-01;1;2;
2020-03-02;2;4;
2020-03-03;0;4;
2020-03-04;0;4;
2020-03-05;0;4;
2020-03-06;0;4;
2020-03-07;0;4;
2020-03-08;1;5;
2020-03-09;1;6;
2020-03-10;2;8;
2020-03-11;3;11;
2020-03-12;3;14;
2020-03-13;2;16;
2020-03-14;5;21;
2020-03-15;6;27;
2020-03-16;5;32;
2020-03-17;7;39;
2020-03-18;6;45;
2020-03-19;36;81;
2020-03-20;49;130;
2020-03-21;91;221;
2020-03-22;89;310;
2020-03-23;133;443;
2020-03-24;145;588;
2020-03-25;187;775;
2020-03-26;180;955;
2020-03-27;241;1196;
2020-03-28;199;1395;
2020-03-29;259;1654;
2020-03-30;265;1919;
2020-03-31;330;2249;
2020-04-01;305;2554;
2020-04-02;409;2963;
2020-04-03;348;3311;
2020-04-04;340;3651;
2020-04-05;260;3911;
2020-04-06;458;4369;
2020-04-07;423;4792;
2020-04-08;373;5165;
2020-04-09;351;5516;
2020-04-10;305;5821;
2020-04-11;261;6082;
2020-04-12;331;6413;
2020-04-13;542;6955;
2020-04-14;468;7423;
2020-04-15;613;8036;
2020-04-16;497;8533;
2020-04-17;571;9104;
2020-04-18;331;9435;
2020-04-19;431;9866;
2020-04-20;483;10349;
2020-04-21;458;10807;
2020-04-22;531;11338;
2020-04-23;527;11865;
2020-04-24;493;12358;
2020-04-25;311;12669;
2020-04-26;282;12951;
2020-04-27;461;13412;
2020-04-28;471;13883;
2020-04-29;519;14402;
2020-04-30;588;14990;
2020-05-01;616;15606;
2020-05-02;526;16132;
2020-05-03;346;16478;
2020-05-04;419;16897;
2020-05-05;469;17366;
2020-05-06;569;17935;
2020-05-07;429;18364;
2020-05-08;429;18793;
2020-05-09;313;19106;
2020-05-10;299;19405;
2020-05-11;366;19771;
2020-05-12;427;20198;
2020-05-13;401;20599;
2020-05-14;356;20955;
2020-05-15;348;21303;
2020-05-16;271;21574;
2020-05-17;343;21917;
2020-05-18;332;22249;
2020-05-19;319;22568;
2020-05-20;407;22975;
2020-05-21;381;23356;
2020-05-22;257;23613;
2020-05-23;216;23829;
2020-05-24;216;24045;
2020-05-25;205;24250;
2020-05-26;241;24491;
2020-05-27;253;24744;
2020-05-28;193;24937;
2020-05-29;193;25130;
2020-05-30;205;25335;
2020-05-31;141;25476;
2020-06-01;156;25632;
2020-06-02;97;25729;
2020-06-03;114;25843;
2020-06-04;128;25971;
2020-06-05;109;26080;
2020-06-06;105;26185;
2020-06-07;76;26261;
2020-06-08;51;26312;
2020-06-09;79;26391;
2020-06-10;67;26458;
2020-06-11;66;26524;
2020-06-12;72;26596;
2020-06-13;66;26662;
2020-06-14;28;26690;
2020-06-15;56;26746;
2020-06-16;74;26820;
2020-06-17;53;26873;
2020-06-18;48;26921;
2020-06-19;64;26985;
2020-06-20;33;27018;
2020-06-21;26;27044;
2020-06-22;41;27085;
2020-06-23;40;27125;
2020-06-24;29;27154;
2020-06-25;46;27200;
2020-06-26;42;27242;
2020-06-27;30;27272;
2020-06-28;18;27290;
2020-06-29;16;27306;
2020-06-30;40;27346;
2020-07-01;24;27370;
2020-07-02;16;27386;
2020-07-03;17;27403;
2020-07-04;16;27419;
2020-07-05;7;27426;
2020-07-06;16;27442;
2020-07-07;21;27463;
2020-07-08;33;27496;
2020-07-09;52;27548;
2020-07-10;50;27598;
2020-07-11;21;27619;
2020-07-12;13;27632;
2020-07-13;75;27707;
2020-07-14;65;27772;
2020-07-15;69;27841;
2020-07-16;66;27907;
2020-07-17;100;28007;
2020-07-18;97;28104;
2020-07-19;55;28159;
2020-07-20;37;28196;
2020-07-21;63;28259;
2020-07-22;77;28336;
2020-07-23;92;28428;
2020-07-24;69;28497;
2020-07-25;34;28531;
2020-07-26;52;28583;
2020-07-27;34;28617;
2020-07-28;37;28654;
2020-07-29;69;28723;
2020-07-30;59;28782;
2020-07-31;58;28840;
2020-08-01;50;28890;
2020-08-02;31;28921;
2020-08-03;46;28967;
2020-08-04;65;29032;
2020-08-05;46;29078;
2020-08-06;21;29099;
2020-08-07;45;29144;
2020-08-08;35;29179;
2020-08-09;38;29217;
2020-08-10;34;29251;
2020-08-11;36;29287;
2020-08-12;35;29322;
2020-08-13;38;29360;
2020-08-14;29;29389;
2020-08-15;14;29403;
2020-08-16;12;29415;
2020-08-17;17;29432;
2020-08-18;17;29449;
2020-08-19;22;29471;
2020-08-20;36;29507;
2020-08-21;32;29539;
2020-08-22;20;29559;
2020-08-23;23;29582;
2020-08-24;8;29590;
2020-08-25;29;29619;
2020-08-26;41;29660;
2020-08-27;43;29703;
2020-08-28;25;29728;
2020-08-29;55;29783;
2020-08-30;14;29797;
2020-08-31;32;29829;
2020-09-01;36;29865;
2020-09-02;36;29901;
2020-09-03;72;29973;
2020-09-04;49;30022;
2020-09-05;64;30086;
2020-09-06;57;30143;
2020-09-07;50;30193;
2020-09-08;71;30264;
2020-09-09;70;30334;
2020-09-10;90;30424;
2020-09-11;109;30533;
2020-09-12;71;30604;
2020-09-13;97;30701;
2020-09-14;72;30773;
2020-09-15;95;30868;
2020-09-16;81;30949;
2020-09-17;72;31021;
2020-09-18;201;31222;
2020-09-19;141;31363;
2020-09-20;204;31567;
2020-09-21;140;31707;
2020-09-22;170;31877;
2020-09-23;254;32131;
2020-09-24;238;32369;
2020-09-25;287;32656;
2020-09-26;352;33008;
2020-09-27;274;33282;
2020-09-28;284;33566;
2020-09-29;357;33923;
2020-09-30;318;34241;
2020-10-01;313;34554;
2020-10-02;418;34972;
2020-10-03;374;35346;
2020-10-04;301;35647;
2020-10-05;280;35927;
2020-10-06;257;36184;
2020-10-07;305;36489;
2020-10-08;348;36837;
2020-10-09;287;37124;
2020-10-10;196;37320;
2020-10-11;332;37652;
2020-10-12;273;37925;
2020-10-13;204;38129;
2020-10-14;273;38402;
2020-10-15;256;38658;
2020-10-16;266;38924;
2020-10-17;276;39200;
2020-10-18;193;39393;
2020-10-19;244;39637;
2020-10-20;255;39892;
2020-10-21;292;40184;
2020-10-22;224;40408;
2020-10-23;247;40655;
2020-10-24;166;40821;
2020-10-25;220;41041;
2020-10-26;362;41403;
2020-10-27;244;41647;
2020-10-28;212;41859;
2020-10-29;219;42078;
2020-10-30;198;42276;
2020-10-31;240;42542;
2020-11-01;236;42778;
2020-11-02;198;42956;
2020-11-03;241;43197;
2020-11-04;247;43444;
2020-11-05;328;43772;
2020-11-06;265;44037;
2020-11-07;273;44310;
2020-11-08;277;44587;
2020-11-09;272;44859;
2020-11-10;323;45182;
2020-11-11;349;45531;
2020-11-12;286;45817;
2020-11-13;331;46148;
2020-11-14;310;46458;
2020-11-15;280;46738;
2020-11-16;308;47046;
2020-11-17;238;47284;
2020-11-18;230;47514;
2020-11-19;284;47798;
2020-11-20;255;48053;
2020-11-21;269;48322;
2020-11-22;303;48625;
2020-11-23;278;48903;
2020-11-24;245;49148;
2020-11-25;304;49452;
2020-11-26;348;49800;
2020-11-27;418;50218;
2020-11-28;448;50666;
2020-11-29;366;51032;
2020-11-30;339;51371;
2020-12-01;418;51789;
2020-12-02;459;52248;
2020-12-03;452;52700;
2020-12-04;501;53201;
2020-12-05;522;53723;
2020-12-06;487;54210;
2020-12-07;465;54675;
2020-12-08;532;55207;
2020-12-09;590;55797;
2020-12-10;551;56348;
2020-12-11;650;56998;
2020-12-12;738;57736;
2020-12-13;570;58306;
2020-12-14;678;58984;
2020-12-15;561;59545;
2020-12-16;704;60249;
2020-12-17;936;61185;
2020-12-18;818;62003;
2020-12-19;699;62702;
2020-12-20;650;63352;
2020-12-21;754;64106;
2020-12-22;766;64872;
2020-12-23;708;65580;
2020-12-24;882;66462;
2020-12-25;952;67414;
2020-12-26;757;68171;
2020-12-27;805;68976;
2020-12-28;846;69822;
2020-12-29;1003;70825;
2020-12-30;941;71766;
2020-12-31;751;72517;
2021-01-01;1235;73752;
2021-01-02;930;74682;
2021-01-03;793;75475;
2021-01-04;774;76249;
2021-01-05;824;77073;
2021-01-06;1098;78171;
2021-01-07;1283;79454;
2021-01-08;1051;80505;
2021-01-09;824;81329;
2021-01-10;780;82109;
2021-01-11;564;82673;
2021-01-12;864;83537;
2021-01-13;735;84272;
2021-01-14;821;85093;
2021-01-15;717;85810;
2021-01-16;886;86696;
2021-01-17;586;87282;
2021-01-18;471;87753;
2021-01-19;639;88392;
2021-01-20;673;89065;
2021-01-21;767;89832;
2021-01-22;615;90447;
2021-01-23;565;91012;
2021-01-24;432;91444;
2021-01-25;507;91951;
2021-01-26;596;92547;
2021-01-27;455;93002;
2021-01-28;580;93582;
2021-01-29;498;94080;
2021-01-30;556;94636;
2021-01-31;389;95025;
2021-02-01;472;95497;
2021-02-02;561;96058;
2021-02-03;489;96547;
2021-02-04;486;97033;
2021-02-05;558;97591;
2021-02-06;515;98106;
2021-02-07;443;98549;
2021-02-08;342;98891;
2021-02-09;453;99344;
2021-02-10;551;99895;
2021-02-11;479;100374;
2021-02-12;489;100863;
2021-02-13;342;101205;
2021-02-14;353;101558;
2021-02-15;321;101879;
2021-02-16;230;102109;
;;;
;;;
;;;
;;;
;;;
;;;
;;;
;;;
;;;
;;;
;;;
;;;
;;;
;;;
;;;
;;;
;;;
;;;
;;;
;;;
;;;
;;;
;;;
;;;
;;;
;;;
;;;
;;;
;;;
;;;
;;;
;;;
;;;
;;;
;;;
;;;
;;;
;;;
;;;
;;;
;;;
;;;
;;;
;;;
;;;
;;;
;;;
;;;
;;;
;;;
;;;
;;;
;;;
;;;
;;;
;;;
;;;
;;;
;;;
;;;
;;;
;;;
;;;
;;;
;;;
;;;
;;;
;;;
;;;
;;;
;;;
;;;
;;;
;;;
;;;
;;;
;;;
;;;
;;;
;;;
;;;
;;;
;;;
;;;
;;;
;;;
;;;
;;;
;;;
;;;
;;;
;;;
;;;
;;;
;;;
;;;
;;;
;;;
;;;
;;;
;;;
;;;
;;;
;;;
;;;
;;;
;;;
;;;
;;;
;;;
;;;
;;;
;;;
;;;
;;;
;;;
;;;
;;;
;;;
;;;
;;;
;;;
;;;
;;;
;;;
;;;
;;;
;;;
;;;
;;;
;;;
;;;
;;;
;;;
;;;
;;;
;;;
;;;
;;;
;;;
;;;
;;;
;;;
;;;
;;;
;;;
;;;
;;;
;;;
;;;
;;;
;;;
;;;
;;;
;;;
;;;
;;;
;;;
;;;
;;;
;;;
;;;
;;;
;;;
;;;
;;;
;;;
;;;
