Date;Nouveaux cas;Cumulatif de cas;
2020-01-08;0;0;
2020-02-25;1;1;
2020-02-26;0;1;
2020-02-27;0;1;
2020-02-28;0;1;
2020-02-29;0;1;
2020-03-01;1;2;
2020-03-02;2;4;
2020-03-03;0;4;
2020-03-04;0;4;
2020-03-05;0;4;
2020-03-06;0;4;
2020-03-07;0;4;
2020-03-08;1;5;
2020-03-09;1;6;
2020-03-10;2;8;
2020-03-11;3;11;
2020-03-12;3;14;
2020-03-13;2;16;
2020-03-14;5;21;
2020-03-15;6;27;
2020-03-16;5;32;
2020-03-17;7;39;
2020-03-18;6;45;
2020-03-19;36;81;
2020-03-20;49;130;
2020-03-21;92;222;
2020-03-22;88;310;
2020-03-23;133;443;
2020-03-24;145;588;
2020-03-25;188;776;
2020-03-26;180;956;
2020-03-27;242;1198;
2020-03-28;199;1397;
2020-03-29;260;1657;
2020-03-30;266;1923;
2020-03-31;331;2254;
2020-04-01;304;2558;
2020-04-02;409;2967;
2020-04-03;350;3317;
2020-04-04;340;3657;
2020-04-05;261;3918;
2020-04-06;458;4376;
2020-04-07;422;4798;
2020-04-08;376;5174;
2020-04-09;351;5525;
2020-04-10;306;5831;
2020-04-11;261;6092;
2020-04-12;332;6424;
2020-04-13;543;6967;
2020-04-14;468;7435;
2020-04-15;616;8051;
2020-04-16;497;8548;
2020-04-17;571;9119;
2020-04-18;331;9450;
2020-04-19;432;9882;
2020-04-20;483;10365;
2020-04-21;457;10822;
2020-04-22;534;11356;
2020-04-23;526;11882;
2020-04-24;495;12377;
2020-04-25;311;12688;
2020-04-26;283;12971;
2020-04-27;461;13432;
2020-04-28;472;13904;
2020-04-29;520;14424;
2020-04-30;589;15013;
2020-05-01;616;15629;
2020-05-02;525;16154;
2020-05-03;352;16506;
2020-05-04;421;16927;
2020-05-05;470;17397;
2020-05-06;568;17965;
2020-05-07;429;18394;
2020-05-08;434;18828;
2020-05-09;312;19140;
2020-05-10;300;19440;
2020-05-11;365;19805;
2020-05-12;427;20232;
2020-05-13;400;20632;
2020-05-14;354;20986;
2020-05-15;348;21334;
2020-05-16;270;21604;
2020-05-17;343;21947;
2020-05-18;333;22280;
2020-05-19;320;22600;
2020-05-20;410;23010;
2020-05-21;381;23391;
2020-05-22;257;23648;
2020-05-23;216;23864;
2020-05-24;215;24079;
2020-05-25;206;24285;
2020-05-26;240;24525;
2020-05-27;254;24779;
2020-05-28;194;24973;
2020-05-29;193;25166;
2020-05-30;205;25371;
2020-05-31;140;25511;
2020-06-01;156;25667;
2020-06-02;98;25765;
2020-06-03;114;25879;
2020-06-04;129;26008;
2020-06-05;113;26121;
2020-06-06;105;26226;
2020-06-07;76;26302;
2020-06-08;51;26353;
2020-06-09;78;26431;
2020-06-10;67;26498;
2020-06-11;67;26565;
2020-06-12;72;26637;
2020-06-13;66;26703;
2020-06-14;28;26731;
2020-06-15;56;26787;
2020-06-16;74;26861;
2020-06-17;52;26913;
2020-06-18;48;26961;
2020-06-19;65;27026;
2020-06-20;33;27059;
2020-06-21;26;27085;
2020-06-22;40;27125;
2020-06-23;38;27163;
2020-06-24;29;27192;
2020-06-25;46;27238;
2020-06-26;43;27281;
2020-06-27;30;27311;
2020-06-28;18;27329;
2020-06-29;16;27345;
2020-06-30;40;27385;
2020-07-01;24;27409;
2020-07-02;16;27425;
2020-07-03;17;27442;
2020-07-04;16;27458;
2020-07-05;7;27465;
2020-07-06;15;27480;
2020-07-07;21;27501;
2020-07-08;33;27534;
2020-07-09;52;27586;
2020-07-10;51;27637;
2020-07-11;22;27659;
2020-07-12;13;27672;
2020-07-13;76;27748;
2020-07-14;67;27815;
2020-07-15;69;27884;
2020-07-16;65;27949;
2020-07-17;102;28051;
2020-07-18;98;28149;
2020-07-19;54;28203;
2020-07-20;38;28241;
2020-07-21;65;28306;
2020-07-22;77;28383;
2020-07-23;92;28475;
2020-07-24;69;28544;
2020-07-25;35;28579;
2020-07-26;53;28632;
2020-07-27;34;28666;
2020-07-28;38;28704;
2020-07-29;71;28775;
2020-07-30;59;28834;
2020-07-31;58;28892;
2020-08-01;51;28943;
2020-08-02;30;28973;
2020-08-03;46;29019;
2020-08-04;65;29084;
2020-08-05;46;29130;
2020-08-06;21;29151;
2020-08-07;46;29197;
2020-08-08;35;29232;
2020-08-09;37;29269;
2020-08-10;35;29304;
2020-08-11;36;29340;
2020-08-12;35;29375;
2020-08-13;38;29413;
2020-08-14;31;29444;
2020-08-15;14;29458;
2020-08-16;13;29471;
2020-08-17;17;29488;
2020-08-18;17;29505;
2020-08-19;22;29527;
2020-08-20;35;29562;
2020-08-21;33;29595;
2020-08-22;20;29615;
2020-08-23;23;29638;
2020-08-24;10;29648;
2020-08-25;28;29676;
2020-08-26;42;29718;
2020-08-27;43;29761;
2020-08-28;26;29787;
2020-08-29;55;29842;
2020-08-30;14;29856;
2020-08-31;32;29888;
2020-09-01;36;29924;
2020-09-02;36;29960;
2020-09-03;72;30032;
2020-09-04;47;30079;
2020-09-05;67;30146;
2020-09-06;59;30205;
2020-09-07;51;30256;
2020-09-08;72;30328;
2020-09-09;70;30398;
2020-09-10;90;30488;
2020-09-11;110;30598;
2020-09-12;72;30670;
2020-09-13;101;30771;
2020-09-14;76;30847;
2020-09-15;95;30942;
2020-09-16;83;31025;
2020-09-17;74;31099;
2020-09-18;203;31302;
2020-09-19;141;31443;
2020-09-20;218;31661;
2020-09-21;140;31801;
2020-09-22;170;31971;
2020-09-23;257;32228;
2020-09-24;238;32466;
2020-09-25;287;32753;
2020-09-26;352;33105;
2020-09-27;277;33382;
2020-09-28;283;33665;
2020-09-29;350;34015;
2020-09-30;321;34336;
2020-10-01;317;34653;
2020-10-02;418;35071;
2020-10-03;374;35445;
2020-10-04;302;35747;
2020-10-05;283;36030;
2020-10-06;257;36287;
2020-10-07;304;36591;
2020-10-08;347;36938;
2020-10-09;286;37224;
2020-10-10;197;37421;
2020-10-11;334;37755;
2020-10-12;274;38029;
2020-10-13;203;38232;
2020-10-14;277;38509;
2020-10-15;259;38768;
2020-10-16;265;39033;
2020-10-17;275;39308;
2020-10-18;194;39502;
2020-10-19;241;39743;
2020-10-20;255;39998;
2020-10-21;294;40292;
2020-10-22;226;40518;
2020-10-23;247;40765;
2020-10-24;165;40930;
2020-10-25;219;41149;
2020-10-26;361;41510;
2020-10-27;245;41755;
2020-10-28;215;41970;
2020-10-29;219;42189;
2020-10-30;198;42387;
2020-10-31;240;42627;
2020-11-01;234;42861;
2020-11-02;198;43059;
2020-11-03;244;43303;
2020-11-04;248;43551;
2020-11-05;328;43879;
2020-11-06;265;44144;
2020-11-07;272;44416;
2020-11-08;277;44693;
2020-11-09;272;44965;
2020-11-10;323;45288;
2020-11-11;351;45639;
2020-11-12;286;45925;
2020-11-13;331;46256;
2020-11-14;310;46566;
2020-11-15;281;46847;
2020-11-16;308;47155;
2020-11-17;238;47393;
2020-11-18;230;47623;
2020-11-19;283;47906;
2020-11-20;256;48162;
2020-11-21;269;48431;
2020-11-22;303;48734;
2020-11-23;279;49013;
2020-11-24;246;49259;
2020-11-25;305;49564;
2020-11-26;349;49913;
2020-11-27;420;50333;
2020-11-28;447;50780;
2020-11-29;367;51147;
2020-11-30;336;51483;
2020-12-01;419;51902;
2020-12-02;453;52355;
2020-12-03;454;52809;
2020-12-04;499;53308;
2020-12-05;520;53828;
2020-12-06;489;54317;
2020-12-07;467;54784;
2020-12-08;532;55316;
2020-12-09;593;55909;
2020-12-10;549;56458;
2020-12-11;651;57109;
2020-12-12;732;57841;
2020-12-13;532;58373;
;;;
;;;
;;;
;;;
;;;
;;;
;;;
;;;
;;;
;;;
;;;
;;;
;;;
