Date;Nouveaux cas;Cumulatif de cas;
2020-01-08;0;0;
2020-02-25;1;1;
2020-02-26;0;1;
2020-02-27;0;1;
2020-02-28;0;1;
2020-02-29;0;1;
2020-03-01;1;2;
2020-03-02;2;4;
2020-03-03;0;4;
2020-03-04;0;4;
2020-03-05;0;4;
2020-03-06;0;4;
2020-03-07;0;4;
2020-03-08;1;5;
2020-03-09;1;6;
2020-03-10;2;8;
2020-03-11;3;11;
2020-03-12;3;14;
2020-03-13;2;16;
2020-03-14;5;21;
2020-03-15;6;27;
2020-03-16;5;32;
2020-03-17;7;39;
2020-03-18;6;45;
2020-03-19;36;81;
2020-03-20;49;130;
2020-03-21;91;221;
2020-03-22;89;310;
2020-03-23;133;443;
2020-03-24;145;588;
2020-03-25;187;775;
2020-03-26;180;955;
2020-03-27;241;1196;
2020-03-28;199;1395;
2020-03-29;259;1654;
2020-03-30;265;1919;
2020-03-31;330;2249;
2020-04-01;304;2553;
2020-04-02;409;2962;
2020-04-03;348;3310;
2020-04-04;340;3650;
2020-04-05;260;3910;
2020-04-06;458;4368;
2020-04-07;423;4791;
2020-04-08;373;5164;
2020-04-09;351;5515;
2020-04-10;305;5820;
2020-04-11;261;6081;
2020-04-12;330;6411;
2020-04-13;542;6953;
2020-04-14;468;7421;
2020-04-15;613;8034;
2020-04-16;497;8531;
2020-04-17;571;9102;
2020-04-18;331;9433;
2020-04-19;431;9864;
2020-04-20;483;10347;
2020-04-21;457;10804;
2020-04-22;531;11335;
2020-04-23;527;11862;
2020-04-24;493;12355;
2020-04-25;311;12666;
2020-04-26;282;12948;
2020-04-27;461;13409;
2020-04-28;471;13880;
2020-04-29;519;14399;
2020-04-30;588;14987;
2020-05-01;616;15603;
2020-05-02;526;16129;
2020-05-03;346;16475;
2020-05-04;419;16894;
2020-05-05;469;17363;
2020-05-06;569;17932;
2020-05-07;429;18361;
2020-05-08;429;18790;
2020-05-09;313;19103;
2020-05-10;299;19402;
2020-05-11;366;19768;
2020-05-12;427;20195;
2020-05-13;401;20596;
2020-05-14;356;20952;
2020-05-15;348;21300;
2020-05-16;271;21571;
2020-05-17;343;21914;
2020-05-18;332;22246;
2020-05-19;319;22565;
2020-05-20;407;22972;
2020-05-21;381;23353;
2020-05-22;257;23610;
2020-05-23;216;23826;
2020-05-24;216;24042;
2020-05-25;204;24246;
2020-05-26;241;24487;
2020-05-27;253;24740;
2020-05-28;193;24933;
2020-05-29;193;25126;
2020-05-30;205;25331;
2020-05-31;141;25472;
2020-06-01;156;25628;
2020-06-02;97;25725;
2020-06-03;114;25839;
2020-06-04;128;25967;
2020-06-05;109;26076;
2020-06-06;105;26181;
2020-06-07;76;26257;
2020-06-08;51;26308;
2020-06-09;79;26387;
2020-06-10;67;26454;
2020-06-11;66;26520;
2020-06-12;72;26592;
2020-06-13;66;26658;
2020-06-14;28;26686;
2020-06-15;56;26742;
2020-06-16;74;26816;
2020-06-17;53;26869;
2020-06-18;48;26917;
2020-06-19;64;26981;
2020-06-20;33;27014;
2020-06-21;26;27040;
2020-06-22;41;27081;
2020-06-23;40;27121;
2020-06-24;29;27150;
2020-06-25;46;27196;
2020-06-26;42;27238;
2020-06-27;30;27268;
2020-06-28;18;27286;
2020-06-29;16;27302;
2020-06-30;40;27342;
2020-07-01;24;27366;
2020-07-02;16;27382;
2020-07-03;17;27399;
2020-07-04;16;27415;
2020-07-05;7;27422;
2020-07-06;16;27438;
2020-07-07;21;27459;
2020-07-08;33;27492;
2020-07-09;52;27544;
2020-07-10;50;27594;
2020-07-11;21;27615;
2020-07-12;13;27628;
2020-07-13;75;27703;
2020-07-14;65;27768;
2020-07-15;69;27837;
2020-07-16;66;27903;
2020-07-17;100;28003;
2020-07-18;97;28100;
2020-07-19;55;28155;
2020-07-20;37;28192;
2020-07-21;63;28255;
2020-07-22;78;28333;
2020-07-23;92;28425;
2020-07-24;69;28494;
2020-07-25;34;28528;
2020-07-26;52;28580;
2020-07-27;34;28614;
2020-07-28;37;28651;
2020-07-29;69;28720;
2020-07-30;59;28779;
2020-07-31;57;28836;
2020-08-01;50;28886;
2020-08-02;31;28917;
2020-08-03;46;28963;
2020-08-04;65;29028;
2020-08-05;46;29074;
2020-08-06;21;29095;
2020-08-07;45;29140;
2020-08-08;35;29175;
2020-08-09;38;29213;
2020-08-10;34;29247;
2020-08-11;36;29283;
2020-08-12;35;29318;
2020-08-13;38;29356;
2020-08-14;29;29385;
2020-08-15;14;29399;
2020-08-16;12;29411;
2020-08-17;17;29428;
2020-08-18;17;29445;
2020-08-19;22;29467;
2020-08-20;36;29503;
2020-08-21;32;29535;
2020-08-22;20;29555;
2020-08-23;21;29576;
2020-08-24;8;29584;
2020-08-25;29;29613;
2020-08-26;41;29654;
2020-08-27;43;29697;
2020-08-28;25;29722;
2020-08-29;54;29776;
2020-08-30;14;29790;
2020-08-31;32;29822;
2020-09-01;36;29858;
2020-09-02;36;29894;
2020-09-03;72;29966;
2020-09-04;49;30015;
2020-09-05;64;30079;
2020-09-06;57;30136;
2020-09-07;50;30186;
2020-09-08;71;30257;
2020-09-09;70;30327;
2020-09-10;90;30417;
2020-09-11;109;30526;
2020-09-12;71;30597;
2020-09-13;97;30694;
2020-09-14;72;30766;
2020-09-15;95;30861;
2020-09-16;81;30942;
2020-09-17;71;31013;
2020-09-18;201;31214;
2020-09-19;141;31355;
2020-09-20;203;31558;
2020-09-21;140;31698;
2020-09-22;170;31868;
2020-09-23;254;32122;
2020-09-24;238;32360;
2020-09-25;287;32647;
2020-09-26;352;32999;
2020-09-27;274;33273;
2020-09-28;284;33557;
2020-09-29;357;33914;
2020-09-30;318;34232;
2020-10-01;313;34545;
2020-10-02;418;34963;
2020-10-03;373;35336;
2020-10-04;301;35637;
2020-10-05;280;35917;
2020-10-06;257;36174;
2020-10-07;305;36479;
2020-10-08;348;36827;
2020-10-09;287;37114;
2020-10-10;196;37310;
2020-10-11;331;37641;
2020-10-12;273;37914;
2020-10-13;204;38118;
2020-10-14;273;38391;
2020-10-15;255;38646;
2020-10-16;266;38912;
2020-10-17;276;39188;
2020-10-18;193;39381;
2020-10-19;244;39625;
2020-10-20;255;39880;
2020-10-21;292;40172;
2020-10-22;223;40395;
2020-10-23;247;40642;
2020-10-24;166;40808;
2020-10-25;220;41028;
2020-10-26;362;41390;
2020-10-27;244;41634;
2020-10-28;212;41846;
2020-10-29;219;42065;
2020-10-30;198;42263;
2020-10-31;239;42542;
2020-11-01;236;42778;
2020-11-02;198;42936;
2020-11-03;241;43177;
2020-11-04;247;43424;
2020-11-05;328;43752;
2020-11-06;265;44017;
2020-11-07;273;44290;
2020-11-08;277;44567;
2020-11-09;272;44839;
2020-11-10;323;45162;
2020-11-11;349;45511;
2020-11-12;286;45797;
2020-11-13;331;46128;
2020-11-14;310;46438;
2020-11-15;280;46718;
2020-11-16;308;47026;
2020-11-17;238;47264;
2020-11-18;230;47494;
2020-11-19;284;47778;
2020-11-20;255;48033;
2020-11-21;268;48301;
2020-11-22;303;48604;
2020-11-23;278;48882;
2020-11-24;245;49127;
2020-11-25;304;49431;
2020-11-26;348;49779;
2020-11-27;418;50197;
2020-11-28;448;50645;
2020-11-29;366;51011;
2020-11-30;339;51350;
2020-12-01;418;51768;
2020-12-02;459;52227;
2020-12-03;452;52679;
2020-12-04;501;53180;
2020-12-05;522;53702;
2020-12-06;487;54189;
2020-12-07;464;54653;
2020-12-08;532;55185;
2020-12-09;590;55775;
2020-12-10;551;56326;
2020-12-11;649;56975;
2020-12-12;738;57713;
2020-12-13;570;58283;
2020-12-14;678;58961;
2020-12-15;560;59521;
2020-12-16;704;60225;
2020-12-17;936;61161;
2020-12-18;817;61978;
2020-12-19;699;62677;
2020-12-20;651;63328;
2020-12-21;753;64081;
2020-12-22;766;64847;
2020-12-23;707;65554;
2020-12-24;882;66436;
2020-12-25;952;67388;
2020-12-26;757;68145;
2020-12-27;805;68950;
2020-12-28;846;69796;
2020-12-29;1003;70799;
2020-12-30;941;71740;
2020-12-31;751;72491;
2021-01-01;1235;73726;
2021-01-02;930;74656;
2021-01-03;793;75449;
2021-01-04;774;76223;
2021-01-05;824;77047;
2021-01-06;1098;78145;
2021-01-07;1283;79428;
2021-01-08;1051;80479;
2021-01-09;824;81303;
2021-01-10;780;82083;
2021-01-11;564;82647;
2021-01-12;864;83511;
2021-01-13;735;84246;
2021-01-14;820;85066;
2021-01-15;717;85783;
2021-01-16;886;86669;
2021-01-17;586;87255;
2021-01-18;471;87726;
2021-01-19;640;88366;
2021-01-20;673;89039;
2021-01-21;767;89806;
2021-01-22;615;90421;
2021-01-23;565;90986;
2021-01-24;431;91417;
2021-01-25;506;91923;
2021-01-26;597;92520;
2021-01-27;455;92975;
2021-01-28;580;93555;
2021-01-29;499;94054;
2021-01-30;557;94611;
2021-01-31;389;95000;
2021-02-01;472;95472;
2021-02-02;562;96034;
2021-02-03;489;96523;
2021-02-04;486;97009;
2021-02-05;559;97568;
2021-02-06;512;98080;
2021-02-07;443;98523;
2021-02-08;340;98863;
2021-02-09;452;99315;
2021-02-10;550;99865;
2021-02-11;477;100342;
2021-02-12;486;100828;
2021-02-13;343;101171;
2021-02-14;354;101525;
2021-02-15;317;101842;
2021-02-16;415;102257;
2021-02-17;332;102589;
2021-02-18;377;102966;
2021-02-19;396;103362;
2021-02-20;392;103754;
2021-02-21;411;104165;
2021-02-22;147;104312;
;;;
;;;
;;;
;;;
;;;
;;;
;;;
;;;
;;;
;;;
;;;
;;;
;;;
;;;
;;;
;;;
;;;
;;;
;;;
;;;
;;;
;;;
;;;
;;;
;;;
;;;
;;;
;;;
;;;
;;;
;;;
;;;
;;;
;;;
;;;
;;;
;;;
;;;
;;;
;;;
;;;
;;;
;;;
;;;
;;;
;;;
;;;
;;;
;;;
;;;
;;;
;;;
;;;
;;;
;;;
;;;
;;;
;;;
;;;
;;;
;;;
;;;
;;;
;;;
;;;
;;;
;;;
;;;
;;;
;;;
;;;
;;;
;;;
;;;
;;;
;;;
;;;
;;;
;;;
;;;
;;;
;;;
;;;
;;;
;;;
;;;
;;;
;;;
;;;
;;;
;;;
;;;
;;;
;;;
;;;
;;;
;;;
;;;
;;;
;;;
;;;
;;;
;;;
;;;
;;;
;;;
;;;
;;;
;;;
;;;
;;;
;;;
;;;
;;;
;;;
;;;
;;;
;;;
;;;
;;;
;;;
;;;
;;;
;;;
;;;
;;;
;;;
;;;
;;;
;;;
;;;
;;;
;;;
;;;
;;;
;;;
;;;
;;;
;;;
;;;
;;;
;;;
;;;
;;;
;;;
;;;
;;;
;;;
;;;
;;;
;;;
;;;
;;;
;;;
;;;
;;;
;;;
;;;
;;;
;;;
;;;
;;;
