Date;Nouveaux cas;Cumulatif de cas;
2020-01-08;0;0;
2020-02-25;1;1;
2020-02-26;0;1;
2020-02-27;0;1;
2020-02-28;0;1;
2020-02-29;0;1;
2020-03-01;1;2;
2020-03-02;2;4;
2020-03-03;0;4;
2020-03-04;0;4;
2020-03-05;0;4;
2020-03-06;0;4;
2020-03-07;0;4;
2020-03-08;1;5;
2020-03-09;1;6;
2020-03-10;2;8;
2020-03-11;3;11;
2020-03-12;3;14;
2020-03-13;2;16;
2020-03-14;5;21;
2020-03-15;6;27;
2020-03-16;5;32;
2020-03-17;7;39;
2020-03-18;6;45;
2020-03-19;36;81;
2020-03-20;49;130;
2020-03-21;92;222;
2020-03-22;89;311;
2020-03-23;133;444;
2020-03-24;145;589;
2020-03-25;187;776;
2020-03-26;180;956;
2020-03-27;241;1197;
2020-03-28;199;1396;
2020-03-29;259;1655;
2020-03-30;265;1920;
2020-03-31;330;2250;
2020-04-01;305;2555;
2020-04-02;409;2964;
2020-04-03;348;3312;
2020-04-04;339;3651;
2020-04-05;261;3912;
2020-04-06;458;4370;
2020-04-07;423;4793;
2020-04-08;373;5166;
2020-04-09;351;5517;
2020-04-10;305;5822;
2020-04-11;261;6083;
2020-04-12;331;6414;
2020-04-13;542;6956;
2020-04-14;468;7424;
2020-04-15;614;8038;
2020-04-16;497;8535;
2020-04-17;571;9106;
2020-04-18;331;9437;
2020-04-19;431;9868;
2020-04-20;483;10351;
2020-04-21;458;10809;
2020-04-22;531;11340;
2020-04-23;527;11867;
2020-04-24;494;12361;
2020-04-25;311;12672;
2020-04-26;282;12954;
2020-04-27;461;13415;
2020-04-28;470;13885;
2020-04-29;519;14404;
2020-04-30;588;14992;
2020-05-01;616;15608;
2020-05-02;525;16133;
2020-05-03;352;16485;
2020-05-04;420;16905;
2020-05-05;469;17374;
2020-05-06;568;17942;
2020-05-07;429;18371;
2020-05-08;430;18801;
2020-05-09;312;19113;
2020-05-10;299;19412;
2020-05-11;366;19778;
2020-05-12;426;20204;
2020-05-13;401;20605;
2020-05-14;355;20960;
2020-05-15;348;21308;
2020-05-16;271;21579;
2020-05-17;343;21922;
2020-05-18;332;22254;
2020-05-19;320;22574;
2020-05-20;409;22983;
2020-05-21;381;23364;
2020-05-22;257;23621;
2020-05-23;216;23837;
2020-05-24;216;24053;
2020-05-25;205;24258;
2020-05-26;240;24498;
2020-05-27;253;24751;
2020-05-28;193;24944;
2020-05-29;193;25137;
2020-05-30;205;25342;
2020-05-31;141;25483;
2020-06-01;156;25639;
2020-06-02;97;25736;
2020-06-03;114;25850;
2020-06-04;128;25978;
2020-06-05;112;26090;
2020-06-06;105;26195;
2020-06-07;76;26271;
2020-06-08;51;26322;
2020-06-09;79;26401;
2020-06-10;67;26468;
2020-06-11;66;26534;
2020-06-12;72;26606;
2020-06-13;66;26672;
2020-06-14;28;26700;
2020-06-15;56;26756;
2020-06-16;74;26830;
2020-06-17;53;26883;
2020-06-18;48;26931;
2020-06-19;64;26995;
2020-06-20;33;27028;
2020-06-21;26;27054;
2020-06-22;41;27095;
2020-06-23;41;27136;
2020-06-24;28;27164;
2020-06-25;46;27210;
2020-06-26;42;27252;
2020-06-27;30;27282;
2020-06-28;18;27300;
2020-06-29;16;27316;
2020-06-30;40;27356;
2020-07-01;24;27380;
2020-07-02;16;27396;
2020-07-03;17;27413;
2020-07-04;16;27429;
2020-07-05;7;27436;
2020-07-06;15;27451;
2020-07-07;21;27472;
2020-07-08;33;27505;
2020-07-09;52;27557;
2020-07-10;50;27607;
2020-07-11;21;27628;
2020-07-12;13;27641;
2020-07-13;75;27716;
2020-07-14;65;27781;
2020-07-15;69;27850;
2020-07-16;66;27916;
2020-07-17;100;28016;
2020-07-18;97;28113;
2020-07-19;54;28167;
2020-07-20;38;28205;
2020-07-21;63;28268;
2020-07-22;77;28345;
2020-07-23;92;28437;
2020-07-24;69;28506;
2020-07-25;34;28540;
2020-07-26;52;28592;
2020-07-27;34;28626;
2020-07-28;37;28663;
2020-07-29;70;28733;
2020-07-30;59;28792;
2020-07-31;58;28850;
2020-08-01;50;28900;
2020-08-02;31;28931;
2020-08-03;46;28977;
2020-08-04;65;29042;
2020-08-05;46;29088;
2020-08-06;21;29109;
2020-08-07;46;29155;
2020-08-08;35;29190;
2020-08-09;38;29228;
2020-08-10;34;29262;
2020-08-11;36;29298;
2020-08-12;35;29333;
2020-08-13;38;29371;
2020-08-14;30;29401;
2020-08-15;14;29415;
2020-08-16;12;29427;
2020-08-17;17;29444;
2020-08-18;17;29461;
2020-08-19;22;29483;
2020-08-20;35;29518;
2020-08-21;33;29551;
2020-08-22;20;29571;
2020-08-23;23;29594;
2020-08-24;8;29602;
2020-08-25;28;29630;
2020-08-26;42;29672;
2020-08-27;43;29715;
2020-08-28;25;29740;
2020-08-29;55;29795;
2020-08-30;14;29809;
2020-08-31;32;29841;
2020-09-01;36;29877;
2020-09-02;36;29913;
2020-09-03;72;29985;
2020-09-04;49;30034;
2020-09-05;64;30098;
2020-09-06;57;30155;
2020-09-07;50;30205;
2020-09-08;71;30276;
2020-09-09;70;30346;
2020-09-10;90;30436;
2020-09-11;109;30545;
2020-09-12;71;30616;
2020-09-13;97;30713;
2020-09-14;73;30786;
2020-09-15;95;30881;
2020-09-16;81;30962;
2020-09-17;73;31035;
2020-09-18;202;31237;
2020-09-19;141;31378;
2020-09-20;204;31582;
2020-09-21;140;31722;
2020-09-22;170;31892;
2020-09-23;255;32147;
2020-09-24;238;32385;
2020-09-25;287;32672;
2020-09-26;352;33024;
2020-09-27;276;33300;
2020-09-28;284;33584;
2020-09-29;359;33943;
2020-09-30;320;34263;
2020-10-01;312;34575;
2020-10-02;418;34993;
2020-10-03;374;35367;
2020-10-04;302;35669;
2020-10-05;281;35950;
2020-10-06;257;36207;
2020-10-07;305;36512;
2020-10-08;348;36860;
2020-10-09;288;37148;
2020-10-10;197;37345;
2020-10-11;333;37678;
2020-10-12;273;37951;
2020-10-13;204;38155;
2020-10-14;274;38429;
2020-10-15;256;38685;
2020-10-16;267;38952;
2020-10-17;276;39228;
2020-10-18;193;39421;
2020-10-19;243;39664;
2020-10-20;255;39919;
2020-10-21;292;40211;
2020-10-22;225;40436;
2020-10-23;247;40683;
2020-10-24;166;40849;
2020-10-25;220;41069;
2020-10-26;361;41430;
2020-10-27;244;41674;
2020-10-28;212;41886;
2020-10-29;220;42106;
2020-10-30;197;42303;
2020-10-31;240;42543;
2020-11-01;235;42778;
2020-11-02;198;42976;
2020-11-03;242;43218;
2020-11-04;247;43465;
2020-11-05;328;43793;
2020-11-06;265;44058;
2020-11-07;273;44331;
2020-11-08;277;44608;
2020-11-09;272;44880;
2020-11-10;323;45203;
2020-11-11;351;45554;
2020-11-12;286;45840;
2020-11-13;331;46171;
2020-11-14;310;46481;
2020-11-15;281;46762;
2020-11-16;308;47070;
2020-11-17;239;47309;
2020-11-18;230;47539;
2020-11-19;284;47823;
2020-11-20;255;48078;
2020-11-21;270;48348;
2020-11-22;303;48651;
2020-11-23;278;48929;
2020-11-24;245;49174;
2020-11-25;304;49478;
2020-11-26;348;49826;
2020-11-27;418;50244;
2020-11-28;448;50692;
2020-11-29;366;51058;
2020-11-30;339;51397;
2020-12-01;418;51815;
2020-12-02;460;52275;
2020-12-03;452;52727;
2020-12-04;501;53228;
2020-12-05;522;53750;
2020-12-06;487;54237;
2020-12-07;465;54702;
2020-12-08;534;55236;
2020-12-09;590;55826;
2020-12-10;552;56378;
2020-12-11;649;57027;
2020-12-12;737;57764;
2020-12-13;570;58334;
2020-12-14;676;59010;
2020-12-15;561;59571;
2020-12-16;704;60275;
2020-12-17;935;61210;
2020-12-18;818;62028;
2020-12-19;699;62727;
2020-12-20;651;63378;
2020-12-21;755;64133;
2020-12-22;768;64901;
2020-12-23;710;65611;
2020-12-24;881;66492;
2020-12-25;952;67444;
2020-12-26;757;68201;
2020-12-27;804;69005;
2020-12-28;846;69851;
2020-12-29;1006;70857;
2020-12-30;943;71800;
2020-12-31;752;72552;
2021-01-01;1236;73788;
2021-01-02;929;74717;
2021-01-03;793;75510;
2021-01-04;774;76284;
2021-01-05;826;77110;
2021-01-06;1101;78211;
2021-01-07;1284;79495;
2021-01-08;1051;80546;
2021-01-09;827;81373;
2021-01-10;780;82153;
2021-01-11;565;82718;
2021-01-12;864;83582;
2021-01-13;737;84319;
2021-01-14;821;85140;
2021-01-15;761;85901;
2021-01-16;859;86760;
2021-01-17;572;87332;
2021-01-18;471;87803;
2021-01-19;639;88442;
2021-01-20;675;89117;
2021-01-21;768;89885;
2021-01-22;615;90500;
2021-01-23;567;91067;
2021-01-24;431;91498;
2021-01-25;505;92003;
2021-01-26;594;92597;
2021-01-27;456;93053;
2021-01-28;580;93633;
2021-01-29;497;94130;
2021-01-30;558;94688;
2021-01-31;393;95081;
2021-02-01;318;95399;
;;;
;;;
;;;
;;;
;;;
;;;
;;;
;;;
;;;
;;;
;;;
;;;
;;;
;;;
;;;
;;;
;;;
;;;
;;;
;;;
;;;
;;;
;;;
;;;
;;;
;;;
;;;
;;;
;;;
;;;
;;;
;;;
;;;
;;;
;;;
;;;
;;;
;;;
;;;
;;;
;;;
;;;
;;;
;;;
;;;
;;;
;;;
;;;
;;;
;;;
;;;
;;;
;;;
;;;
;;;
;;;
;;;
;;;
;;;
;;;
;;;
;;;
;;;
;;;
;;;
;;;
;;;
;;;
;;;
;;;
;;;
;;;
;;;
;;;
;;;
;;;
;;;
;;;
;;;
;;;
;;;
;;;
;;;
;;;
;;;
;;;
;;;
;;;
;;;
;;;
;;;
;;;
;;;
;;;
;;;
;;;
;;;
;;;
;;;
;;;
;;;
;;;
;;;
;;;
;;;
;;;
;;;
;;;
;;;
;;;
;;;
;;;
;;;
;;;
;;;
;;;
;;;
;;;
;;;
;;;
;;;
;;;
;;;
;;;
;;;
;;;
;;;
;;;
;;;
;;;
;;;
;;;
;;;
;;;
;;;
;;;
;;;
;;;
;;;
;;;
;;;
;;;
;;;
;;;
;;;
;;;
;;;
;;;
;;;
;;;
;;;
;;;
;;;
;;;
;;;
;;;
;;;
;;;
;;;
;;;
;;;
;;;
;;;
;;;
;;;
;;;
;;;
;;;
;;;
;;;
;;;
;;;
;;;
;;;
;;;
;;;
;;;
;;;
;;;
;;;
;;;
;;;
;;;
