Date;Nouveaux cas;Cumulatif de cas;
2020-01-08;0;0;
2020-02-25;1;1;
2020-02-26;0;1;
2020-02-27;0;1;
2020-02-28;0;1;
2020-02-29;0;1;
2020-03-01;1;2;
2020-03-02;2;4;
2020-03-03;0;4;
2020-03-04;0;4;
2020-03-05;0;4;
2020-03-06;0;4;
2020-03-07;0;4;
2020-03-08;1;5;
2020-03-09;1;6;
2020-03-10;2;8;
2020-03-11;3;11;
2020-03-12;3;14;
2020-03-13;2;16;
2020-03-14;5;21;
2020-03-15;6;27;
2020-03-16;5;32;
2020-03-17;7;39;
2020-03-18;6;45;
2020-03-19;36;81;
2020-03-20;49;130;
2020-03-21;92;222;
2020-03-22;88;310;
2020-03-23;133;443;
2020-03-24;145;588;
2020-03-25;188;776;
2020-03-26;180;956;
2020-03-27;242;1198;
2020-03-28;199;1397;
2020-03-29;260;1657;
2020-03-30;265;1922;
2020-03-31;330;2252;
2020-04-01;304;2556;
2020-04-02;409;2965;
2020-04-03;349;3314;
2020-04-04;339;3653;
2020-04-05;261;3914;
2020-04-06;458;4372;
2020-04-07;422;4794;
2020-04-08;373;5167;
2020-04-09;351;5518;
2020-04-10;306;5824;
2020-04-11;261;6085;
2020-04-12;331;6416;
2020-04-13;542;6958;
2020-04-14;468;7426;
2020-04-15;614;8040;
2020-04-16;497;8537;
2020-04-17;571;9108;
2020-04-18;331;9439;
2020-04-19;431;9870;
2020-04-20;483;10353;
2020-04-21;457;10810;
2020-04-22;531;11341;
2020-04-23;527;11868;
2020-04-24;495;12363;
2020-04-25;311;12674;
2020-04-26;283;12957;
2020-04-27;461;13418;
2020-04-28;472;13890;
2020-04-29;520;14410;
2020-04-30;588;14998;
2020-05-01;616;15614;
2020-05-02;525;16139;
2020-05-03;351;16490;
2020-05-04;421;16911;
2020-05-05;470;17381;
2020-05-06;568;17949;
2020-05-07;429;18378;
2020-05-08;431;18809;
2020-05-09;310;19119;
2020-05-10;299;19418;
2020-05-11;366;19784;
2020-05-12;426;20210;
2020-05-13;400;20610;
2020-05-14;354;20964;
2020-05-15;348;21312;
2020-05-16;270;21582;
2020-05-17;343;21925;
2020-05-18;333;22258;
2020-05-19;320;22578;
2020-05-20;409;22987;
2020-05-21;381;23368;
2020-05-22;257;23625;
2020-05-23;216;23841;
2020-05-24;215;24056;
2020-05-25;205;24261;
2020-05-26;240;24501;
2020-05-27;254;24755;
2020-05-28;193;24948;
2020-05-29;193;25141;
2020-05-30;205;25346;
2020-05-31;141;25487;
2020-06-01;155;25642;
2020-06-02;97;25739;
2020-06-03;114;25853;
2020-06-04;129;25982;
2020-06-05;112;26094;
2020-06-06;105;26199;
2020-06-07;76;26275;
2020-06-08;51;26326;
2020-06-09;78;26404;
2020-06-10;67;26471;
2020-06-11;67;26538;
2020-06-12;72;26610;
2020-06-13;66;26676;
2020-06-14;28;26704;
2020-06-15;56;26760;
2020-06-16;74;26834;
2020-06-17;52;26886;
2020-06-18;48;26934;
2020-06-19;65;26999;
2020-06-20;33;27032;
2020-06-21;26;27058;
2020-06-22;40;27098;
2020-06-23;38;27136;
2020-06-24;29;27165;
2020-06-25;46;27211;
2020-06-26;42;27253;
2020-06-27;30;27283;
2020-06-28;18;27301;
2020-06-29;16;27317;
2020-06-30;40;27357;
2020-07-01;24;27381;
2020-07-02;16;27397;
2020-07-03;17;27414;
2020-07-04;16;27430;
2020-07-05;7;27437;
2020-07-06;15;27452;
2020-07-07;21;27473;
2020-07-08;33;27506;
2020-07-09;52;27558;
2020-07-10;50;27608;
2020-07-11;22;27630;
2020-07-12;13;27643;
2020-07-13;75;27718;
2020-07-14;67;27785;
2020-07-15;69;27854;
2020-07-16;65;27919;
2020-07-17;100;28019;
2020-07-18;97;28116;
2020-07-19;54;28170;
2020-07-20;38;28208;
2020-07-21;63;28271;
2020-07-22;77;28348;
2020-07-23;92;28440;
2020-07-24;69;28509;
2020-07-25;35;28544;
2020-07-26;52;28596;
2020-07-27;34;28630;
2020-07-28;38;28668;
2020-07-29;71;28739;
2020-07-30;59;28798;
2020-07-31;58;28856;
2020-08-01;51;28907;
2020-08-02;30;28937;
2020-08-03;46;28983;
2020-08-04;65;29048;
2020-08-05;46;29094;
2020-08-06;21;29115;
2020-08-07;46;29161;
2020-08-08;35;29196;
2020-08-09;38;29234;
2020-08-10;34;29268;
2020-08-11;36;29304;
2020-08-12;35;29339;
2020-08-13;38;29377;
2020-08-14;30;29407;
2020-08-15;14;29421;
2020-08-16;12;29433;
2020-08-17;17;29450;
2020-08-18;17;29467;
2020-08-19;22;29489;
2020-08-20;35;29524;
2020-08-21;33;29557;
2020-08-22;20;29577;
2020-08-23;23;29600;
2020-08-24;8;29608;
2020-08-25;28;29636;
2020-08-26;42;29678;
2020-08-27;43;29721;
2020-08-28;25;29746;
2020-08-29;55;29801;
2020-08-30;14;29815;
2020-08-31;32;29847;
2020-09-01;36;29883;
2020-09-02;36;29919;
2020-09-03;72;29991;
2020-09-04;49;30040;
2020-09-05;67;30107;
2020-09-06;59;30166;
2020-09-07;50;30216;
2020-09-08;71;30287;
2020-09-09;70;30357;
2020-09-10;90;30447;
2020-09-11;109;30556;
2020-09-12;71;30627;
2020-09-13;98;30725;
2020-09-14;74;30799;
2020-09-15;94;30893;
2020-09-16;82;30975;
2020-09-17;74;31049;
2020-09-18;202;31251;
2020-09-19;141;31392;
2020-09-20;212;31604;
2020-09-21;140;31744;
2020-09-22;170;31914;
2020-09-23;254;32168;
2020-09-24;238;32406;
2020-09-25;287;32693;
2020-09-26;350;33043;
2020-09-27;277;33320;
2020-09-28;282;33602;
2020-09-29;355;33957;
2020-09-30;320;34277;
2020-10-01;316;34593;
2020-10-02;418;35011;
2020-10-03;375;35386;
2020-10-04;302;35688;
2020-10-05;281;35969;
2020-10-06;257;36226;
2020-10-07;304;36530;
2020-10-08;347;36877;
2020-10-09;287;37164;
2020-10-10;197;37361;
2020-10-11;335;37696;
2020-10-12;274;37970;
2020-10-13;202;38172;
2020-10-14;276;38448;
2020-10-15;258;38706;
2020-10-16;265;38971;
2020-10-17;276;39247;
2020-10-18;194;39441;
2020-10-19;244;39685;
2020-10-20;255;39940;
2020-10-21;293;40233;
2020-10-22;226;40459;
2020-10-23;247;40706;
2020-10-24;166;40872;
2020-10-25;219;41091;
2020-10-26;361;41452;
2020-10-27;244;41696;
2020-10-28;214;41910;
2020-10-29;220;42130;
2020-10-30;198;42328;
2020-10-31;240;42568;
2020-11-01;234;42802;
2020-11-02;198;43000;
2020-11-03;243;43243;
2020-11-04;248;43491;
2020-11-05;327;43818;
2020-11-06;265;44083;
2020-11-07;273;44356;
2020-11-08;277;44633;
2020-11-09;272;44905;
2020-11-10;324;45229;
2020-11-11;351;45580;
2020-11-12;286;45866;
2020-11-13;332;46198;
2020-11-14;310;46508;
2020-11-15;281;46789;
2020-11-16;308;47097;
2020-11-17;237;47334;
2020-11-18;231;47565;
2020-11-19;283;47848;
2020-11-20;255;48103;
2020-11-21;269;48372;
2020-11-22;303;48675;
2020-11-23;279;48954;
2020-11-24;245;49199;
2020-11-25;305;49504;
2020-11-26;348;49852;
2020-11-27;418;50270;
2020-11-28;447;50717;
2020-11-29;367;51084;
2020-11-30;337;51421;
2020-12-01;418;51839;
2020-12-02;459;52298;
2020-12-03;453;52751;
2020-12-04;501;53252;
2020-12-05;520;53772;
2020-12-06;486;54258;
2020-12-07;465;54723;
2020-12-08;533;55256;
2020-12-09;589;55845;
2020-12-10;550;56395;
2020-12-11;650;57045;
2020-12-12;737;57782;
2020-12-13;573;58355;
2020-12-14;673;59028;
2020-12-15;561;59589;
2020-12-16;707;60296;
2020-12-17;937;61233;
2020-12-18;816;62049;
2020-12-19;699;62748;
2020-12-20;651;63399;
2020-12-21;755;64154;
2020-12-22;772;64926;
2020-12-23;708;65634;
2020-12-24;888;66522;
2020-12-25;954;67476;
2020-12-26;758;68234;
2020-12-27;805;69039;
2020-12-28;844;69883;
2020-12-29;1005;70888;
2020-12-30;942;71830;
2020-12-31;751;72581;
2021-01-01;1236;73817;
2021-01-02;929;74746;
2021-01-03;793;75539;
2021-01-04;775;76314;
2021-01-05;827;77141;
2021-01-06;1101;78242;
2021-01-07;1284;79526;
2021-01-08;1050;80576;
2021-01-09;825;81401;
2021-01-10;783;82184;
2021-01-11;562;82746;
2021-01-12;865;83611;
2021-01-13;738;84349;
2021-01-14;829;85178;
2021-01-15;713;85891;
2021-01-16;886;86777;
2021-01-17;362;87139;
;;;
;;;
;;;
;;;
;;;
;;;
;;;
;;;
;;;
;;;
;;;
;;;
;;;
;;;
;;;
;;;
;;;
;;;
;;;
;;;
;;;
;;;
;;;
;;;
;;;
;;;
;;;
;;;
;;;
;;;
;;;
;;;
;;;
;;;
;;;
;;;
